Final Portfolio Value,Return
12381.733685757117,0.23817336857571172
13203.01920743424,0.32030192074342395
14622.795650722273,0.46227956507222734
12637.66932822907,0.2637669328229071
12363.23147111571,0.23632314711157104
10425.266028859742,0.04252660288597417
11439.536328929154,0.14395363289291543
12226.789327977312,0.22267893279773124
13126.984220887678,0.3126984220887678
15373.85307143364,0.537385307143364
12373.451442013033,0.23734514420130326
12286.84954859074,0.22868495485907406
10993.091830881433,0.09930918308814325
10790.820045727805,0.07908200457278053
14055.868950754515,0.4055868950754515
10767.79423280278,0.07677942328027802
13720.717225226947,0.37207172252269466
11271.188905338004,0.12711889053380038
13351.810510490071,0.33518105104900714
13122.499105557881,0.3122499105557881
13204.431538811421,0.3204431538811421
10242.97892329188,0.024297892329187925
12134.928899604256,0.2134928899604256
15842.592725716002,0.5842592725716002
12199.127913121149,0.21991279131211486
15063.244982466513,0.5063244982466513
11808.87338382012,0.18088733838201207
13021.8930483968,0.30218930483968
11972.378540603591,0.19723785406035912
14870.598601670206,0.48705986016702063
13927.892812878172,0.39278928128781715
11586.476812492137,0.15864768124921375
10281.27150288371,0.02812715028837101
14278.821442157277,0.42788214421572773
12774.559257636729,0.2774559257636729
14158.92991057454,0.4158929910574539
13542.492976925587,0.3542492976925587
13419.609791851697,0.3419609791851697
9933.905575392557,-0.006609442460744321
9712.356100804733,-0.02876438991952673
12247.518887455302,0.22475188874553023
11214.611737858886,0.12146117378588861
11525.541799252587,0.15255417992525871
10459.681181924632,0.04596811819246323
12763.779629918936,0.2763779629918936
13124.43422084063,0.31244342208406306
12714.698810352253,0.27146988103522524
13402.779985505691,0.3402779985505691
10324.729101370549,0.032472910137054896
11300.32325289004,0.13003232528900407
12681.313918270114,0.26813139182701146
11068.139522375845,0.10681395223758446
13204.94048445505,0.320494048445505
15770.405375396293,0.5770405375396293
14284.987364065424,0.4284987364065424
9372.770231565248,-0.06272297684347522
12728.421352951957,0.27284213529519563
11820.785524736104,0.1820785524736104
11150.9659946269,0.11509659946269003
11718.563787127294,0.17185637871272938
9174.906735180273,-0.08250932648197268
11725.979781713504,0.17259797817135042
11800.19607483479,0.180019607483479
14353.343915307934,0.43533439153079345
16757.57027994589,0.6757570279945888
9413.6878724065,-0.05863121275934991
12387.742748192913,0.23877427481929134
11689.463984565407,0.16894639845654075
12432.585859788343,0.24325858597883435
12394.165131605363,0.2394165131605363
11798.38316650251,0.179838316650251
13719.748264422795,0.37197482644227947
13030.861944669401,0.30308619446694013
10000.204146748561,2.041467485614703e-05
13294.296713341571,0.3294296713341571
12887.608625569663,0.28876086255696626
10466.924739104377,0.04669247391043773
13270.734557379648,0.3270734557379648
11987.26372764685,0.19872637276468505
11865.492681886304,0.1865492681886304
9941.232521007627,-0.005876747899237307
12077.910548593547,0.2077910548593547
12244.395878194737,0.22443958781947368
10214.87242348994,0.021487242348994004
10910.76822221453,0.09107682222145304
10804.51041785214,0.08045104178521396
14944.06732872117,0.494406732872117
12888.697419534092,0.2888697419534092
10373.42671395632,0.037342671395631986
9995.83035517059,-0.00041696448294096627
10959.483936882563,0.09594839368825633
11835.001607347502,0.18350016073475017
11179.187909879358,0.11791879098793578
10362.80617745874,0.036280617745874044
12605.21573920877,0.260521573920877
13989.45371081605,0.39894537108160494
12736.57687398162,0.27365768739816193
11230.421766560406,0.12304217665604064
12961.806919975708,0.29618069199757086
15815.814973855064,0.5815814973855064
13966.707089228725,0.3966707089228725
10790.622911117316,0.07906229111173162
10182.784599422703,0.018278459942270273
11830.559227299524,0.18305592272995236
11742.172828134548,0.17421728281345478
11659.92658050946,0.165992658050946
12195.687979023773,0.21956879790237727
10851.509802426195,0.08515098024261952
11848.146777398288,0.18481467773982876
12096.673857221198,0.2096673857221198
11413.01643176234,0.14130164317623403
14098.112363818913,0.40981123638189126
10348.516954438133,0.034851695443813335
10892.932640045838,0.08929326400458376
14232.17368428982,0.42321736842898205
13166.818942748723,0.3166818942748723
9395.460490891915,-0.060453950910808456
10306.080960535837,0.030608096053583722
12054.433296128513,0.20544332961285128
11227.40863566397,0.12274086356639691
13279.247235429004,0.32792472354290036
13930.11657304453,0.393011657304453
10320.211614298707,0.0320211614298707
11481.546044460525,0.1481546044460525
15921.863542267254,0.5921863542267254
13429.841431793893,0.3429841431793893
11487.042275061267,0.1487042275061267
11972.07580060816,0.19720758006081596
13055.697138487276,0.3055697138487276
10275.042897739522,0.027504289773952223
13279.186397949987,0.3279186397949987
15385.926397338973,0.5385926397338974
11296.396682517545,0.1296396682517545
12927.536362278033,0.2927536362278033
15239.648520309638,0.5239648520309638
11761.29116149734,0.176129116149734
13969.80968196536,0.396980968196536
18389.617432745265,0.8389617432745264
12472.178534339793,0.2472178534339793
12664.29045547497,0.2664290455474969
10802.285609425333,0.08022856094253329
12589.847957937183,0.25898479579371836
11102.726323493696,0.11027263234936963
12470.5949147223,0.24705949147223
11307.452785841844,0.13074527858418442
11443.700039541134,0.14437000395411342
11836.44805862092,0.18364480586209192
13146.377293412448,0.3146377293412448
13810.933341993332,0.38109333419933317
11750.857808187542,0.1750857808187542
13505.619349160595,0.3505619349160595
10385.969963543785,0.03859699635437846
11759.705161032787,0.1759705161032787
12367.635117366319,0.23676351173663188
12002.780584387388,0.20027805843873883
9310.888462978939,-0.0689111537021061
11156.145914671339,0.11561459146713386
12745.838563884468,0.27458385638844685
9572.53138254648,-0.042746861745352
12231.350633594442,0.22313506335944422
13140.852403159377,0.3140852403159377
11267.976732577934,0.1267976732577934
12733.956545777613,0.2733956545777613
12033.753752152192,0.20337537521521917
13334.89176490535,0.33348917649053494
12922.50037958803,0.29225003795880294
9197.460916355232,-0.08025390836447678
15409.938256307969,0.5409938256307969
11837.74485295431,0.18377448529543108
10022.262548855986,0.0022262548855986096
15882.636394975903,0.5882636394975903
13611.40984526005,0.361140984526005
10636.399408703202,0.06363994087032024
10836.424880688895,0.08364248806888955
12126.318011162712,0.21263180111627117
9040.099365916172,-0.09599006340838277
11171.749161110212,0.11717491611102122
10769.707131565297,0.07697071315652974
12668.816469174346,0.2668816469174346
11352.439048361823,0.13524390483618226
10893.592043125722,0.08935920431257219
13582.510550560313,0.35825105505603133
9268.04866805922,-0.07319513319407797
11692.337957460177,0.16923379574601768
14094.973774673124,0.40949737746731246
13110.367556080977,0.3110367556080977
13121.273545076572,0.3121273545076572
10563.636383815081,0.0563636383815081
11834.782286374973,0.18347822863749735
10347.580537603808,0.03475805376038079
15034.10607277109,0.503410607277109
9992.758059394555,-0.0007241940605445052
12827.29504118195,0.2827295041181949
12205.683913600373,0.22056839136003728
15185.618073261921,0.5185618073261922
12023.06933247892,0.2023069332478921
12349.256208668598,0.23492562086685975
12250.31275630984,0.22503127563098405
12903.58674505823,0.290358674505823
12617.730821372925,0.2617730821372925
10904.94158818359,0.09049415881835902
12086.650979045156,0.20866509790451565
11922.409776576827,0.19224097765768275
9895.052463066597,-0.010494753693340316
12391.18297812764,0.23911829781276392
9675.669097138198,-0.03243309028618023
9877.91719280498,-0.012208280719502
12879.899271671391,0.2879899271671391
12763.734115325607,0.27637341153256073
12175.750442388731,0.2175750442388731
10043.410822370373,0.0043410822370373355
11340.612069239713,0.13406120692397125
9829.069764651053,-0.017093023534894745
13641.556068046677,0.3641556068046677
12456.558078595894,0.24565580785958938
12049.175725690977,0.20491757256909768
11952.494918748109,0.1952494918748109
11641.75598608361,0.164175598608361
11624.289313804362,0.16242893138043618
11770.331675710837,0.1770331675710837
12269.60774728597,0.22696077472859708
13038.355148613431,0.3038355148613431
11535.731473955875,0.1535731473955875
12320.62381405275,0.23206238140527494
14504.030473247944,0.45040304732479436
12232.29678944436,0.2232296789444359
10693.961253768512,0.06939612537685116
11012.478018550773,0.10124780185507734
13066.427027891907,0.30664270278919065
10744.386552906826,0.07443865529068262
11299.68777011346,0.129968777011346
12260.590037838998,0.2260590037838998
12914.453678288566,0.2914453678288566
11559.706641895204,0.15597066418952035
12680.192060889673,0.26801920608896723
13259.021409799212,0.3259021409799212
11886.57236324944,0.1886572363249439
11899.54682010454,0.18995468201045404
11686.010488827595,0.16860104888275945
14886.245251936161,0.48862452519361615
13428.973833398553,0.3428973833398553
11001.792761305258,0.1001792761305258
13867.521486439904,0.3867521486439904
10605.281807563551,0.06052818075635514
11555.928614848088,0.15559286148480878
12190.825778809462,0.21908257788094615
11360.0027219545,0.13600027219545008
14099.090510537924,0.40990905105379244
12671.736511037876,0.2671736511037876
10114.183277744462,0.011418327774446152
12621.782521982223,0.2621782521982223
12152.108693901695,0.2152108693901695
14771.125806642762,0.4771125806642762
10039.339414008287,0.003933941400828735
13717.280658403899,0.3717280658403899
12515.013742807138,0.25150137428071373
12754.20861442324,0.27542086144232397
11979.308514259708,0.19793085142597083
12756.920077169385,0.27569200771693847
11869.503281551048,0.18695032815510476
11772.944427335851,0.17729444273358513
11361.035455437239,0.1361035455437239
11546.51566907967,0.15465156690796703
11658.268007893923,0.1658268007893923
13556.601731490227,0.35566017314902276
13640.464294175976,0.3640464294175976
13121.914452381925,0.3121914452381925
9103.47115154919,-0.08965288484508091
11993.532036168048,0.19935320361680478
12841.468133518885,0.2841468133518885
13064.904179323015,0.30649041793230153
11195.174442538231,0.11951744425382313
11846.877619691031,0.1846877619691031
13195.813769872935,0.3195813769872935
13468.400319747589,0.3468400319747589
10896.883086707305,0.08968830867073048
12419.507586143405,0.2419507586143405
11331.645159567006,0.1331645159567006
14039.603502261105,0.4039603502261105
10661.490290505384,0.0661490290505384
11744.836478785748,0.17448364787857482
9092.395927031164,-0.09076040729688357
9504.683275233972,-0.04953167247660276
12837.647043246148,0.2837647043246148
10775.53885329305,0.07755388532930502
11425.30078918001,0.14253007891800099
12569.276465067325,0.2569276465067325
11569.46551749784,0.15694655174978397
13318.318207445664,0.33183182074456635
12862.87859239621,0.28628785923962097
13194.230874496143,0.3194230874496143
12416.271799472413,0.24162717994724134
13348.74854819725,0.33487485481972507
9696.074728265337,-0.03039252717346626
11486.918023593145,0.14869180235931453
12277.560412114992,0.22775604121149917
12443.251319854136,0.24432513198541364
10638.751398648632,0.06387513986486319
12148.881659646864,0.2148881659646864
13378.33716966847,0.337833716966847
13314.404558418903,0.33144045584189025
9908.665547310056,-0.009133445268994365
12238.239729420131,0.2238239729420131
11569.29101182348,0.15692910118234796
10991.391336830106,0.09913913368301056
13992.624274554908,0.3992624274554908
9604.951940629277,-0.03950480593707234
12338.90737016295,0.23389073701629495
12333.624213173862,0.2333624213173862
12255.13235583961,0.22551323558396108
11907.227000731275,0.19072270007312744
14972.3867014472,0.49723867014472
11346.698223636891,0.13466982236368913
12162.790661416819,0.21627906614168188
13201.320782223784,0.3201320782223784
13455.231436105863,0.34552314361058634
9909.710920440233,-0.009028907955976682
10475.24307778739,0.047524307778739054
10531.283522238451,0.053128352223845106
14060.93491884683,0.40609349188468297
12784.288211839461,0.2784288211839461
11831.506047101337,0.18315060471013367
12255.85733799733,0.22558573379973296
12478.948869943622,0.24789488699436224
13302.251539239105,0.3302251539239105
13110.239224935283,0.31102392249352834
10483.38999208351,0.04833899920835102
10388.337092475098,0.0388337092475098
14978.42179205442,0.497842179205442
10123.812955319749,0.012381295531974866
10943.951586166822,0.09439515861668224
14602.946340054947,0.46029463400549464
11018.560990575592,0.10185609905755919
17297.339894441207,0.7297339894441207
13381.66165864778,0.33816616586477793
16750.44450093935,0.675044450093935
12072.96534347024,0.20729653434702394
12522.82709792613,0.2522827097926131
12765.527789224425,0.2765527789224425
11407.814097239161,0.14078140972391612
12631.003176224105,0.2631003176224105
12394.86542668065,0.239486542668065
12176.161495013166,0.2176161495013166
12461.37414583497,0.24613741458349706
12408.508942945968,0.24085089429459677
9082.363867586935,-0.09176361324130648
11783.008765409166,0.1783008765409166
13471.453920987768,0.34714539209877676
11174.39296819985,0.11743929681998506
14396.40481789452,0.439640481789452
12562.84212170458,0.256284212170458
11181.506730610245,0.11815067306102446
14003.996972210298,0.4003996972210298
13147.410197022193,0.3147410197022193
10437.375702157537,0.04373757021575366
10749.646002238436,0.07496460022384363
11147.485013873653,0.11474850138736528
15501.099205545388,0.5501099205545388
9044.599241701077,-0.09554007582989234
9504.867302139612,-0.04951326978603884
12173.653000710332,0.2173653000710332
11111.489527586837,0.11114895275868367
13348.509016472854,0.33485090164728537
11182.185740520372,0.11821857405203719
12751.207958673205,0.2751207958673205
10918.792496226297,0.09187924962262968
13737.162574878483,0.37371625748784826
11065.170056370624,0.10651700563706236
12395.232005010761,0.2395232005010761
11021.702622037095,0.10217026220370953
10303.393546740353,0.030339354674035347
12275.771793607051,0.22757717936070512
11561.920552273232,0.15619205522732318
11768.663588006859,0.17686635880068588
12294.973751967842,0.2294973751967842
11885.233536310076,0.18852335363100756
11263.210724708932,0.12632107247089316
13015.609585131813,0.3015609585131813
12604.57861736459,0.260457861736459
14924.029388235214,0.49240293882352143
10255.662853930331,0.025566285393033104
11125.655412903076,0.11256554129030756
16092.532022987334,0.6092532022987334
12183.775202706827,0.21837752027068272
12528.465967787883,0.25284659677878824
11766.281653248858,0.1766281653248858
10880.260929580916,0.0880260929580916
12132.696445637937,0.21326964456379374
13346.670621470446,0.3346670621470446
9581.192736432027,-0.04188072635679728
10865.122936844278,0.08651229368442782
9974.80252474489,-0.0025197475255110476
13260.118269565817,0.3260118269565817
12774.95376152845,0.277495376152845
10535.223916799907,0.053522391679990684
12972.813688641236,0.2972813688641236
13713.612231210725,0.37136122312107256
11423.252317543527,0.14232523175435272
12943.821915263734,0.2943821915263734
12328.139986879287,0.23281399868792868
13080.42345081145,0.308042345081145
14004.177204347776,0.4004177204347776
11913.943252500252,0.1913943252500252
12016.276281118046,0.20162762811180454
14201.34716048896,0.420134716048896
11996.342294884365,0.19963422948843654
13035.296732540475,0.3035296732540475
13430.717998737953,0.3430717998737953
15618.057541071348,0.5618057541071348
9340.788672497154,-0.06592113275028459
11832.348945840798,0.18323489458407985
11917.510326245312,0.19175103262453122
10814.491636404655,0.08144916364046549
13461.549019747605,0.34615490197476045
10623.278570928367,0.06232785709283671
11669.657889545666,0.1669657889545666
15267.305770125535,0.5267305770125534
15020.894523460975,0.5020894523460975
14543.49683002813,0.4543496830028131
11622.113576895745,0.16221135768957448
12039.836389310803,0.20398363893108035
13369.32145994397,0.3369321459943971
10825.49062866901,0.08254906286690093
11623.980702133154,0.16239807021331545
12115.214326645419,0.21152143266454188
13049.040497038324,0.30490404970383245
11217.88143185927,0.12178814318592704
13171.945015568657,0.31719450155686574
13382.93269713476,0.338293269713476
12008.935746078909,0.20089357460789087
13183.352320282134,0.31833523202821346
11639.008076352759,0.16390080763527584
10495.787953003293,0.04957879530032933
13157.777459499273,0.31577774594992736
12734.387635127354,0.2734387635127354
10473.056089177599,0.04730560891775985
12982.344379907077,0.29823443799070776
12556.627122063315,0.2556627122063315
12727.175087139467,0.2727175087139467
13028.272365360182,0.30282723653601823
12160.694365720923,0.21606943657209232
11004.32363035227,0.10043236303522698
11032.112888695065,0.10321128886950647
10336.728542832663,0.033672854283266315
10591.15506525967,0.05911550652596707
11510.951054016272,0.15109510540162718
12453.59642955535,0.24535964295553495
12660.80967571818,0.26608096757181793
11163.681882082426,0.11636818820824264
12080.215707410984,0.20802157074109837
12098.450007459256,0.2098450007459256
9619.103124021376,-0.038089687597862396
11532.772329882317,0.15327723298823168
13333.22693341296,0.33332269334129594
11043.917373783917,0.10439173737839173
11411.702960348226,0.14117029603482262
9691.236068739636,-0.03087639312603642
10340.33350001286,0.034033350001286086
10902.624958096021,0.09026249580960212
16434.192695114078,0.6434192695114077
15636.75639480593,0.5636756394805931
12739.478446583444,0.2739478446583444
12698.271428039978,0.2698271428039978
13146.400842685383,0.31464008426853834
12238.830020188901,0.22388300201889014
11046.846549398757,0.1046846549398757
16251.435060940585,0.6251435060940584
11103.519156549495,0.11035191565494952
12202.795978790766,0.22027959787907658
10431.80387075245,0.04318038707524502
10062.682402643679,0.006268240264367887
14962.437675320753,0.4962437675320753
11986.167923880132,0.19861679238801316
11564.267823766288,0.15642678237662877
11332.419528137898,0.13324195281378978
11804.571593409248,0.18045715934092477
13936.723658582594,0.3936723658582594
12624.040638690003,0.26240406386900034
12863.655384077418,0.28636553840774176
9492.714341257019,-0.050728565874298144
13946.578933600558,0.3946578933600558
10936.814115496369,0.09368141154963687
13362.3984728737,0.33623984728736994
13431.521127340035,0.3431521127340035
11859.84896879668,0.18598489687966793
13567.005531203815,0.35670055312038146
12718.859759183297,0.2718859759183297
11069.539836638074,0.10695398366380741
12453.591219137763,0.2453591219137763
11318.243639582193,0.13182436395821934
12634.435890245528,0.2634435890245528
13659.96645940866,0.36599664594086606
13888.500505223856,0.3888500505223856
10523.486624345947,0.05234866243459473
11041.753222804693,0.1041753222804693
14008.048801365176,0.40080488013651755
11672.887082140005,0.16728870821400052
12663.53922335439,0.266353922335439
16584.91375943284,0.6584913759432839
12414.650625761133,0.24146506257611328
12329.968372028272,0.23299683720282718
11845.539324353735,0.18455393243537346
11211.40689028338,0.12114068902833805
10579.458729027356,0.057945872902735576
12094.499650104142,0.20944996501041424
12568.195826014817,0.2568195826014817
13235.370720278808,0.32353707202788085
11701.901768724436,0.1701901768724436
12205.791108616899,0.22057911086168988
10142.863218462327,0.01428632184623275
13559.786718622867,0.35597867186228666
12456.232142054736,0.2456232142054736
13098.700736685909,0.3098700736685909
10625.977856454618,0.06259778564546177
11708.545394882694,0.17085453948826942
12830.845552836974,0.2830845552836974
12091.91112962776,0.20919111296277607
11431.013180104483,0.14310131801044826
9752.587287625474,-0.024741271237452567
10095.454466215624,0.009545446621562405
13928.023620390064,0.3928023620390064
10546.050860057712,0.05460508600577123
11497.223454493254,0.14972234544932544
10903.93284132607,0.090393284132607
11381.00024240428,0.13810002424042794
10757.829593822165,0.07578295938221655
12145.34388083822,0.21453438808382197
13203.550653693086,0.32035506536930863
13497.921628971972,0.34979216289719717
12214.776568223951,0.22147765682239515
16703.732909142647,0.6703732909142647
12725.908752320307,0.2725908752320307
11200.566991313382,0.12005669913133825
11858.044229476613,0.18580442294766125
11379.510751483118,0.13795107514831179
13885.055893907891,0.3885055893907891
12708.217592742069,0.2708217592742069
12104.888572233145,0.2104888572233145
13978.961792115864,0.39789617921158643
13100.441464348227,0.3100441464348227
9788.352702643386,-0.02116472973566142
12696.919665372996,0.2696919665372996
11624.579471694773,0.1624579471694773
11396.268462131191,0.1396268462131191
11537.06094327209,0.15370609432720903
10462.42819213649,0.04624281921364909
12535.96547098114,0.253596547098114
13348.506849300777,0.33485068493007764
11471.431938192125,0.1471431938192125
9664.90344763124,-0.033509655236875914
12057.984327086591,0.20579843270865913
12746.26443884188,0.27462644388418794
11876.02124760647,0.18760212476064697
13673.883260230195,0.3673883260230195
13611.47488562033,0.36114748856203294
12182.20057267139,0.21822005726713906
12513.618771337437,0.25136187713374364
13290.749760547933,0.3290749760547933
12401.284851075725,0.24012848510757248
8897.223804906638,-0.11027761950933618
11636.139358380997,0.1636139358380997
10242.850572136016,0.02428505721360161
12728.328387925218,0.27283283879252174
15330.744661628596,0.5330744661628596
16202.962544763983,0.6202962544763982
11998.99329299575,0.19989932929957505
14103.423106375052,0.4103423106375052
12239.571583599522,0.22395715835995214
11673.285315385645,0.1673285315385645
11614.713159375578,0.16147131593755784
10111.501671070868,0.011150167107086781
12418.017011340902,0.24180170113409022
10804.471097602018,0.08044710976020178
13612.451650460785,0.36124516504607856
10855.593269218416,0.08555932692184161
11007.577758958136,0.10075777589581357
11090.408806265512,0.10904088062655119
11896.512474603289,0.18965124746032888
15810.70458281576,0.5810704582815761
13142.41430093474,0.3142414300934741
13498.202900387665,0.3498202900387665
12810.729260625882,0.28107292606258816
13625.7766499592,0.36257766499592
11512.328663703183,0.15123286637031833
11850.84102525203,0.185084102525203
12665.733119828239,0.2665733119828239
11978.44579195495,0.19784457919549495
11219.219180838274,0.12192191808382741
9527.9121609678,-0.047208783903219954
10612.237395982589,0.06122373959825891
11700.056062983867,0.17000560629838674
11645.69718735421,0.16456971873542098
10745.021601542783,0.07450216015427832
12020.029559432738,0.2020029559432738
12914.432934616763,0.29144329346167636
15695.226357365993,0.5695226357365993
12433.391711907067,0.24333917119070667
14332.718862837588,0.4332718862837588
12273.688338735496,0.22736883387354956
11492.476227424155,0.1492476227424155
10973.119876574541,0.09731198765745412
10528.951863612177,0.05289518636121775
13347.146350904024,0.3347146350904024
13420.933360184732,0.3420933360184732
9925.28191290768,-0.007471808709232027
11886.399356988964,0.18863993569889645
13592.33428054397,0.35923342805439695
14545.923348781518,0.4545923348781518
16964.092247625053,0.6964092247625052
12770.288543831402,0.27702885438314023
8633.814496757863,-0.13661855032421372
11971.441067167196,0.19714410671671959
12178.553781961296,0.21785537819612963
10036.246644703493,0.0036246644703493073
14308.93990898458,0.4308939908984579
10736.932524138312,0.07369325241383122
11809.187808267503,0.1809187808267503
13641.286242690145,0.3641286242690145
11334.055266111529,0.1334055266111529
13075.937016731212,0.30759370167312117
13899.304733795836,0.3899304733795836
13104.094058688239,0.3104094058688239
12357.470047897521,0.2357470047897521
13078.49213908566,0.30784921390856596
11999.557363175309,0.19995573631753086
13504.705434363479,0.3504705434363479
11399.37391484775,0.13993739148477508
11868.216967324768,0.1868216967324768
10704.383290339976,0.07043832903399762
9491.271934363687,-0.05087280656363127
11448.998114520975,0.1448998114520975
11464.812148966497,0.14648121489664973
10191.74976057992,0.01917497605799199
14964.887326322209,0.4964887326322209
10748.23370547711,0.07482337054771106
11803.671313634935,0.18036713136349353
10837.317015595248,0.08373170155952485
11902.748569095082,0.19027485690950816
14175.813665865795,0.4175813665865795
10901.90950277372,0.09019095027737203
13107.10405663125,0.31071040566312497
14446.599357397587,0.44465993573975865
11152.200269916857,0.1152200269916857
11690.66818679008,0.16906681867900805
11639.96864597753,0.16399686459775295
13619.302735061856,0.36193027350618556
13855.661055143895,0.3855661055143895
10267.788332813974,0.026778833281397418
13735.00490396464,0.373500490396464
10470.938645062613,0.047093864506261345
13912.703772574345,0.39127037725743447
12169.231541471241,0.21692315414712413
16098.698734446614,0.6098698734446614
11899.301908520822,0.18993019085208215
14331.381596057981,0.43313815960579816
11938.23938668501,0.19382393866850106
10364.530769647836,0.03645307696478357
10884.830737058544,0.08848307370585444
12737.0026158877,0.2737002615887701
13298.607515655367,0.3298607515655367
14061.830952852286,0.4061830952852286
8619.728954366581,-0.13802710456334188
11792.090117692065,0.1792090117692065
12199.597673789522,0.21995976737895218
11382.453538645561,0.13824535386455608
8824.66830277876,-0.11753316972212396
11158.746303721557,0.11587463037215566
10771.738192774612,0.07717381927746118
12297.547659799875,0.2297547659799875
14234.33564853686,0.42343356485368605
10972.107652606132,0.09721076526061315
12056.43545500839,0.205643545500839
13748.256610983077,0.37482566109830767
11037.32676993351,0.10373267699335101
15277.278855314795,0.5277278855314794
14335.270577559408,0.43352705775594075
14884.52372957969,0.48845237295796906
13158.535133572805,0.31585351335728046
13869.997196979271,0.3869997196979271
13076.307472899498,0.30763074728994977
11233.420469301314,0.12334204693013144
17008.731131903372,0.7008731131903373
13089.486928296068,0.3089486928296068
10781.749320603954,0.07817493206039544
13861.286092086002,0.3861286092086002
14099.525681560704,0.40995256815607045
12680.061832482172,0.2680061832482172
11328.298731366867,0.13282987313668673
11415.818080828694,0.14158180808286944
11524.01142801559,0.15240114280155903
9932.287615346519,-0.006771238465348143
12443.25881067852,0.24432588106785205
11078.419394640128,0.10784193946401283
11191.173990735495,0.1191173990735495
12872.682703340606,0.2872682703340606
13351.936968678805,0.3351936968678805
12995.296924084934,0.2995296924084934
13038.499090659625,0.3038499090659625
10837.788827478964,0.08377888274789638
12198.49828143725,0.21984982814372506
12281.754641688325,0.22817546416883253
11843.66923626788,0.18436692362678805
15286.972673497146,0.5286972673497147
16693.94218155258,0.6693942181552578
14280.113104540193,0.42801131045401924
12319.78160205296,0.23197816020529607
12522.35167767873,0.2522351677678729
11105.324564498538,0.11053245644985382
11858.719004797853,0.1858719004797853
14517.079131895121,0.45170791318951214
11065.097294620737,0.10650972946207367
10112.323096469112,0.0112323096469112
11930.937298739553,0.19309372987395526
10243.559200096062,0.024355920009606236
9286.18816173331,-0.07138118382666908
14300.92721319481,0.4300927213194809
15093.898295266477,0.5093898295266477
10834.341243365301,0.08343412433653011
11547.149575452293,0.1547149575452293
15710.587472147277,0.5710587472147277
11716.618957944935,0.17166189579449348
10073.350896242386,0.007335089624238572
10114.876343746291,0.011487634374629125
11804.431658089356,0.18044316580893555
13691.985544886295,0.3691985544886294
10914.120143416656,0.0914120143416656
12368.072046101708,0.23680720461017082
12741.51076124987,0.27415107612498707
14005.605071050531,0.40056050710505314
11785.691712011449,0.17856917120114485
12586.887045871554,0.25868870458715537
12508.082439921704,0.25080824399217033
11492.497567504752,0.14924975675047517
10348.396437227018,0.03483964372270184
12324.903772340636,0.23249037723406363
12895.193028305866,0.28951930283058663
13303.858202806034,0.33038582028060337
12713.809364589903,0.27138093645899025
13652.000807412924,0.36520008074129234
12571.955958881344,0.25719559588813445
12480.123710643136,0.24801237106431362
13842.500336769494,0.3842500336769494
12205.683780309937,0.2205683780309937
11338.400421807835,0.13384004218078352
10213.93248717771,0.021393248717770985
10303.236351112153,0.0303236351112153
10404.527214515547,0.04045272145155468
13657.562030561356,0.36575620305613554
12021.605442944872,0.20216054429448724
11689.284228914876,0.16892842289148757
10799.758971175459,0.07997589711754591
11212.138819154015,0.12121388191540154
12209.679370863396,0.22096793708633958
10346.236806739775,0.03462368067397747
16378.013337234883,0.6378013337234882
11771.456095169693,0.1771456095169693
12444.064126531044,0.24440641265310442
11037.923941418232,0.1037923941418232
11856.070775400687,0.18560707754006872
12278.619665964843,0.2278619665964843
12895.983334346101,0.28959833343461017
12350.384740060395,0.23503847400603955
11305.463721722068,0.1305463721722068
11228.96214521792,0.12289621452179199
12637.645206460042,0.26376452064600414
12887.817528720165,0.28878175287201646
13692.296792584597,0.3692296792584597
11108.446034325396,0.11084460343253959
10921.638726410247,0.09216387264102469
11502.460584411741,0.15024605844117414
12305.20021120975,0.23052002112097508
10152.589703138055,0.015258970313805548
12396.586963065092,0.23965869630650924
10481.52202972195,0.048152202972194934
10901.93849447716,0.09019384944771591
11368.09402053209,0.13680940205320893
12001.836172887206,0.2001836172887206
12603.408089985584,0.2603408089985583
13451.26291680683,0.34512629168068304
11416.464278350784,0.14164642783507844
15615.696237199465,0.5615696237199465
13168.368231482058,0.3168368231482058
10973.009909365226,0.09730099093652261
13757.975315623471,0.3757975315623471
13555.288851342593,0.35552888513425934
10847.868350990217,0.08478683509902167
11818.959712751963,0.18189597127519627
14458.009604037561,0.4458009604037561
13304.910571950722,0.33049105719507227
11765.865764590053,0.1765865764590053
11744.463535002636,0.17444635350026366
10868.343446569887,0.08683434465698865
13091.776971518277,0.3091776971518277
11573.87482342593,0.15738748234259292
12153.488901674253,0.21534889016742528
12107.148448996375,0.2107148448996375
12403.43656149051,0.2403436561490509
9326.624765444887,-0.06733752345551129
10682.815502542133,0.06828155025421329
10652.120317953653,0.06521203179536533
13056.278813334853,0.3056278813334853
10141.268016313068,0.014126801631306807
14692.293125333043,0.46922931253330424
9236.809226154051,-0.07631907738459486
13374.746804412724,0.3374746804412724
10558.050095618648,0.05580500956186479
9802.177768169184,-0.019782223183081624
14856.732004094882,0.48567320040948814
12783.347421632174,0.27833474216321735
11324.093682806588,0.13240936828065877
17184.426559208478,0.7184426559208478
14790.384340320335,0.47903843403203356
16615.536407627602,0.6615536407627602
13855.758448323015,0.3855758448323015
13211.96702813334,0.321196702813334
10222.980219068813,0.02229802190688133
12268.533439787,0.2268533439786999
12170.262761866954,0.2170262761866954
13281.222833081114,0.3281222833081114
11817.835267964616,0.1817835267964616
14120.822654410478,0.4120822654410478
11698.277991971203,0.1698277991971203
13117.725869893717,0.31177258698937166
12090.578169862378,0.20905781698623777
10694.908204556627,0.06949082045566266
9768.037320610109,-0.02319626793898915
10632.436902905258,0.06324369029052578
13546.441793614267,0.3546441793614267
13513.154436382652,0.3513154436382652
11284.714907020409,0.12847149070204086
12466.88534636012,0.2466885346360121
10912.223792091565,0.0912223792091565
14507.28139648261,0.4507281396482609
12874.76835187085,0.2874768351870851
14419.92537278857,0.44199253727885696
13306.058274052393,0.3306058274052393
11913.0849204297,0.19130849204296993
12675.508760455028,0.2675508760455028
12746.516659578268,0.27465166595782686
14535.90913961662,0.45359091396166207
12870.325361200674,0.2870325361200674
12463.650030010138,0.2463650030010138
12527.446487990095,0.25274464879900954
10810.97828891232,0.08109782889123199
11836.92977791398,0.18369297779139798
10625.90932861649,0.06259093286164898
10026.896557946075,0.002689655794607461
14507.987052431488,0.45079870524314886
13902.44836541697,0.39024483654169706
11379.703934501757,0.13797039345017564
12207.995958363146,0.22079959583631462
11238.569538388892,0.12385695383888924
11089.701144455184,0.10897011444551845
14542.949107653209,0.45429491076532086
11031.375301742593,0.10313753017425933
12483.893325555442,0.2483893325555442
12960.327737974609,0.29603277379746085
12408.620220683484,0.24086202206834842
10180.431299687409,0.018043129968740867
11469.541466853554,0.14695414668535542
10922.477550630994,0.09224775506309943
17357.50022143806,0.7357500221438058
13661.885134746402,0.36618851347464026
10775.775701077946,0.0775775701077946
12603.564731233791,0.2603564731233792
14559.10415060145,0.455910415060145
13830.290486147862,0.3830290486147862
11021.21417170579,0.10212141717057893
12161.0657019658,0.21610657019657992
13114.901600820425,0.31149016008204256
12457.669566585098,0.24576695665850984
10487.888633005201,0.0487888633005201
16182.832634147462,0.6182832634147463
12215.932980121032,0.22159329801210315
10682.456396505466,0.06824563965054659
11826.251033979968,0.18262510339799684
10581.066027941379,0.058106602794137874
12939.019627991474,0.29390196279914743
12921.273149023347,0.29212731490233473
10527.845379459546,0.05278453794595462
14757.09423732216,0.47570942373221603
13604.336716096539,0.3604336716096539
12252.75078250524,0.22527507825052398
11499.961413757714,0.14999614137577136
11855.71913877446,0.18557191387744607
9611.006839558802,-0.03889931604411977
10590.381741305982,0.05903817413059824
11291.88539582541,0.12918853958254095
13695.30970828718,0.3695309708287179
15587.87438270486,0.558787438270486
12637.365743579176,0.2637365743579176
12813.284992457908,0.2813284992457908
13164.310963008103,0.31643109630081034
13227.606998942569,0.3227606998942569
12032.76296735416,0.20327629673541597
12436.278319480203,0.24362783194802032
11972.970386048572,0.19729703860485714
12735.206392235312,0.2735206392235312
11993.79709614249,0.19937970961424908
8992.662602619082,-0.10073373973809176
13106.292025270328,0.3106292025270328
16160.76538863042,0.6160765388630419
11304.177661013018,0.13041776610130182
9817.915236901135,-0.018208476309886465
13193.784455409554,0.31937844554095535
14395.35047950097,0.439535047950097
12830.058720614157,0.2830058720614157
13285.061680845896,0.3285061680845896
12878.729627841543,0.2878729627841543
9725.079027739432,-0.02749209722605683
8910.57939725415,-0.10894206027458495
12398.040948462523,0.23980409484625234
9748.290331491196,-0.02517096685088036
10999.51716848665,0.09995171684866491
13663.210141507076,0.36632101415070756
12208.89261609122,0.22088926160912198
13245.13173078534,0.32451317307853406
13490.464439913594,0.3490464439913594
13219.530166845181,0.3219530166845181
14657.11138357608,0.4657111383576081
13869.674453699068,0.3869674453699068
14887.417141159038,0.4887417141159038
9812.662301434479,-0.018733769856552136
12201.868426134994,0.22018684261349936
11912.789545202428,0.19127895452024277
12948.830118938393,0.2948830118938393
9100.003056935733,-0.08999969430642668
9983.457424301478,-0.001654257569852234
11749.660043976099,0.17496600439760987
12866.527014103542,0.28665270141035415
12048.775853627352,0.20487758536273523
14181.709930599023,0.4181709930599023
11430.280554806588,0.1430280554806588
12683.303470459266,0.2683303470459266
15899.306204670329,0.5899306204670329
12630.450915410867,0.26304509154108674
12405.795917747475,0.2405795917747475
11001.766257518217,0.10017662575182167
11672.679841976607,0.16726798419766073
12371.485772879852,0.23714857728798525
10540.017834026805,0.054001783402680484
15420.926455339935,0.5420926455339935
15824.068498778934,0.5824068498778934
10507.38718544172,0.05073871854417193
11174.21276578652,0.11742127657865203
12070.169336323477,0.20701693363234772
10336.627809882108,0.03366278098821076
17392.698484624885,0.7392698484624886
11754.666270322365,0.17546662703223648
13130.711782195915,0.31307117821959146
11250.149786134738,0.1250149786134738
11346.294414090658,0.13462944140906585
12666.439878634601,0.2666439878634601
11343.440808681331,0.1343440808681331
12887.807441262517,0.28878074412625176
12193.716097054179,0.2193716097054179
11698.392083513849,0.16983920835138488
10139.303188388029,0.01393031883880285
15095.708666133905,0.5095708666133906
10967.08121819674,0.09670812181967395
10493.572037656304,0.0493572037656304
9901.88919203191,-0.009811080796809073
11090.906811846122,0.10909068118461218
12544.987880193212,0.2544987880193212
11944.365941464,0.19443659414640005
15463.899504479336,0.5463899504479336
12935.92168887946,0.293592168887946
13230.06145020863,0.323006145020863
9641.255500839447,-0.035874449916055345
13171.655170489834,0.3171655170489834
13801.833044240857,0.3801833044240857
14392.651984370723,0.4392651984370723
9223.865417910092,-0.07761345820899078
13056.609045840807,0.3056609045840807
13323.529697490087,0.3323529697490087
13110.387999295166,0.3110387999295166
12333.406081727095,0.23334060817270946
14300.238515372805,0.43002385153728045
12610.297378504283,0.2610297378504283
13432.697517131302,0.34326975171313023
12645.20260406012,0.26452026040601195
12122.804206380004,0.2122804206380004
9987.035193051819,-0.0012964806948180922
12407.202658468188,0.2407202658468188
12454.410382910293,0.24544103829102934
11043.13278927998,0.104313278927998
12160.49358705287,0.21604935870528696
11773.303507891265,0.17733035078912654
11821.114545942637,0.1821114545942637
12116.787994616243,0.2116787994616243
11788.32807656128,0.178832807656128
15669.461246580255,0.5669461246580255
13455.316996353695,0.3455316996353695
14490.929806267844,0.44909298062678443
11188.293891468331,0.1188293891468331
11421.545450279593,0.1421545450279593
14120.588199333191,0.4120588199333191
13495.36962352897,0.349536962352897
16555.193552324567,0.6555193552324566
11441.451975018852,0.1441451975018852
